30.498001 -87.881412 0.022
30.498001 -87.881412 0.024
30.498001 -87.881412 0.025
30.498001 -87.881412 0.025
30.498001 -87.881412 0.025
30.498001 -87.881412 0.025
30.498001 -87.881412 0.026
30.498001 -87.881412 0.023
30.498001 -87.881412 0.02
30.498001 -87.881412 0.018
30.498001 -87.881412 0.006
30.498001 -87.881412 0.007
30.498001 -87.881412 0.01
30.498001 -87.881412 0.007
30.498001 -87.881412 0.002
30.498001 -87.881412 0.002
30.498001 -87.881412 0.002
30.498001 -87.881412 0.002
30.498001 -87.881412 0.002
30.498001 -87.881412 0.006
30.498001 -87.881412 0.013
30.498001 -87.881412 0.02
30.498001 -87.881412 0.024
30.498001 -87.881412 0.028
30.498001 -87.881412 0.036
30.498001 -87.881412 0.044
30.498001 -87.881412 0.044
30.498001 -87.881412 0.04
30.498001 -87.881412 0.04
30.498001 -87.881412 0.038
30.498001 -87.881412 0.037
30.498001 -87.881412 0.031
30.498001 -87.881412 0.028
30.498001 -87.881412 0.019
30.498001 -87.881412 0.019
30.498001 -87.881412 0.015
30.498001 -87.881412 0.011
30.498001 -87.881412 0.008
30.498001 -87.881412 0.006
30.498001 -87.881412 0.006
30.498001 -87.881412 0.008
30.498001 -87.881412 0.007
30.498001 -87.881412 0.014
30.498001 -87.881412 0.019
30.498001 -87.881412 0.029
30.498001 -87.881412 0.032
30.498001 -87.881412 0.039
30.498001 -87.881412 0.037
30.498001 -87.881412 0.039
30.498001 -87.881412 0.042
30.498001 -87.881412 0.039
30.498001 -87.881412 0.036
30.498001 -87.881412 0.035
30.498001 -87.881412 0.033
30.498001 -87.881412 0.026
30.498001 -87.881412 0.018
30.498001 -87.881412 0.012
30.498001 -87.881412 0.01
30.498001 -87.881412 0.01
30.498001 -87.881412 0.009
30.498001 -87.881412 0.002
30.498001 -87.881412 0.002
30.498001 -87.881412 0.002
30.498001 -87.881412 0.002
30.498001 -87.881412 0.002
30.498001 -87.881412 0.009
30.498001 -87.881412 0.024
30.498001 -87.881412 0.032
30.498001 -87.881412 0.043
30.498001 -87.881412 0.048
30.498001 -87.881412 0.051
30.498001 -87.881412 0.05
30.498001 -87.881412 0.055
30.498001 -87.881412 0.049
30.498001 -87.881412 0.035
30.498001 -87.881412 0.027
30.498001 -87.881412 0.034
30.498001 -87.881412 0.025
30.498001 -87.881412 0.016
30.498001 -87.881412 0.011
30.498001 -87.881412 0.005
30.498001 -87.881412 0.029
30.498001 -87.881412 0.024
30.498001 -87.881412 0.006
30.498001 -87.881412 0.002
30.498001 -87.881412 0.002
30.498001 -87.881412 0.002
30.498001 -87.881412 0.002
30.498001 -87.881412 0.024
30.498001 -87.881412 0.036
30.498001 -87.881412 0.04
30.498001 -87.881412 0.046
30.498001 -87.881412 0.044
30.498001 -87.881412 0.053
30.498001 -87.881412 0.054
30.498001 -87.881412 0.048
30.498001 -87.881412 0.056
30.498001 -87.881412 0.061
30.498001 -87.881412 0.055
30.498001 -87.881412 0.053
30.498001 -87.881412 0.05
30.498001 -87.881412 0.051
30.498001 -87.881412 0.042
30.498001 -87.881412 0.039
30.498001 -87.881412 0.035
30.498001 -87.881412 0.032
30.498001 -87.881412 0.014
30.498001 -87.881412 0.007
30.498001 -87.881412 0.013
30.498001 -87.881412 0.002
30.498001 -87.881412 0.008
30.498001 -87.881412 0.02
30.498001 -87.881412 0.023
30.498001 -87.881412 0.026
30.498001 -87.881412 0.031
30.498001 -87.881412 0.042
30.498001 -87.881412 0.049
30.498001 -87.881412 0.048
30.498001 -87.881412 0.045
30.498001 -87.881412 0.047
30.498001 -87.881412 0.054
30.498001 -87.881412 0.052
30.498001 -87.881412 0.041
30.498001 -87.881412 0.033
30.498001 -87.881412 0.032
30.498001 -87.881412 0.029
30.498001 -87.881412 0.026
30.498001 -87.881412 0.029
30.498001 -87.881412 0.027
30.498001 -87.881412 0.021
30.498001 -87.881412 0.016
30.498001 -87.881412 0.009
30.498001 -87.881412 0.008
30.498001 -87.881412 0.009
30.498001 -87.881412 0.01
30.498001 -87.881412 0.019
30.498001 -87.881412 0.034
30.498001 -87.881412 0.036
30.498001 -87.881412 0.036
30.498001 -87.881412 0.032
30.498001 -87.881412 0.038
30.498001 -87.881412 0.039
30.498001 -87.881412 0.034
30.498001 -87.881412 0.037
30.498001 -87.881412 0.041
30.498001 -87.881412 0.039
30.498001 -87.881412 0.035
30.498001 -87.881412 0.034
30.498001 -87.881412 0.028
30.498001 -87.881412 0.02
30.498001 -87.881412 0.015
30.498001 -87.881412 0.01
30.498001 -87.881412 0.01
30.498001 -87.881412 0.01
30.498001 -87.881412 0.013
30.498001 -87.881412 0.009
30.498001 -87.881412 0.025
30.498001 -87.881412 0.026
30.498001 -87.881412 0.026
30.498001 -87.881412 0.027
30.498001 -87.881412 0.03
30.498001 -87.881412 0.032
30.498001 -87.881412 0.031
30.498001 -87.881412 0.03
30.498001 -87.881412 0.028
30.498001 -87.881412 0.029
30.498001 -87.881412 0.03
30.498001 -87.881412 0.033
30.498001 -87.881412 0.033
30.498001 -87.881412 0.028
30.498001 -87.881412 0.031
30.498001 -87.881412 0.033
30.498001 -87.881412 0.029
30.498001 -87.881412 0.021
30.498001 -87.881412 0.015
30.498001 -87.881412 0.018
30.498001 -87.881412 0.028
30.498001 -87.881412 0.02
30.498001 -87.881412 0.015
30.498001 -87.881412 0.012
30.498001 -87.881412 0.016
30.498001 -87.881412 0.018
30.498001 -87.881412 0.031
30.498001 -87.881412 0.038
30.498001 -87.881412 0.047
30.498001 -87.881412 0.053
30.498001 -87.881412 0.049
30.498001 -87.881412 0.05
30.498001 -87.881412 0.045
30.498001 -87.881412 0.038
30.498001 -87.881412 0.03
30.498001 -87.881412 0.028
30.498001 -87.881412 0.022
30.498001 -87.881412 0.02
30.498001 -87.881412 0.02
30.498001 -87.881412 0.019
30.498001 -87.881412 0.017
30.498001 -87.881412 0.016
30.498001 -87.881412 0.008
30.498001 -87.881412 0.005
30.498001 -87.881412 0.005
30.498001 -87.881412 0.002
30.498001 -87.881412 0.006
30.498001 -87.881412 0.01
30.498001 -87.881412 0.015
30.498001 -87.881412 0.017
30.498001 -87.881412 0.021
30.498001 -87.881412 0.023
30.498001 -87.881412 0.022
30.498001 -87.881412 0.021
30.498001 -87.881412 0.021
30.498001 -87.881412 0.02
30.498001 -87.881412 0.014
30.498001 -87.881412 0.011
30.498001 -87.881412 0.006
30.498001 -87.881412 0.005
30.498001 -87.881412 0.002
30.498001 -87.881412 0.002
30.498001 -87.881412 0.002
30.498001 -87.881412 0.005
30.498001 -87.881412 0.002
30.498001 -87.881412 0.002
30.498001 -87.881412 0.002
30.498001 -87.881412 0.002
30.498001 -87.881412 0.002
30.498001 -87.881412 0.005
30.498001 -87.881412 0.01
30.498001 -87.881412 0.014
30.498001 -87.881412 0.015
30.498001 -87.881412 0.016
30.498001 -87.881412 0.015
30.498001 -87.881412 0.013
30.498001 -87.881412 0.016
30.498001 -87.881412 0.014
30.498001 -87.881412 0.012
30.498001 -87.881412 0.012
30.498001 -87.881412 0.01
30.498001 -87.881412 0.01
30.498001 -87.881412 0.006
30.498001 -87.881412 0.013
30.498001 -87.881412 0.012
30.498001 -87.881412 0.007
30.498001 -87.881412 0.007
30.498001 -87.881412 0.005
30.498001 -87.881412 0.006
30.498001 -87.881412 0.002
30.498001 -87.881412 0.002
30.498001 -87.881412 0.002
30.498001 -87.881412 0.002
30.498001 -87.881412 0.008
30.498001 -87.881412 0.015
30.498001 -87.881412 0.019
30.498001 -87.881412 0.02
30.498001 -87.881412 0.02
30.498001 -87.881412 0.021
30.498001 -87.881412 0.024
30.498001 -87.881412 0.026
30.498001 -87.881412 0.023
30.498001 -87.881412 0.022
30.498001 -87.881412 0.02
30.498001 -87.881412 0.018
30.498001 -87.881412 0.015
30.498001 -87.881412 0.01
30.498001 -87.881412 0.011
30.498001 -87.881412 0.009
30.498001 -87.881412 0.002
30.498001 -87.881412 0.006
30.498001 -87.881412 0.008
30.498001 -87.881412 0.002
30.498001 -87.881412 0.002
30.498001 -87.881412 0.008
30.498001 -87.881412 0.022
30.498001 -87.881412 0.028
30.498001 -87.881412 0.03
30.498001 -87.881412 0.031
30.498001 -87.881412 0.032
30.498001 -87.881412 0.031
30.498001 -87.881412 0.029
30.498001 -87.881412 0.029
30.498001 -87.881412 0.03
30.498001 -87.881412 0.027
30.498001 -87.881412 0.025
30.498001 -87.881412 0.023
30.498001 -87.881412 0.022
30.498001 -87.881412 0.022
30.498001 -87.881412 0.024
30.498001 -87.881412 0.024
30.498001 -87.881412 0.025
30.498001 -87.881412 0.022
30.498001 -87.881412 0.021
30.498001 -87.881412 0.016
30.498001 -87.881412 0.016
30.498001 -87.881412 0.015
30.498001 -87.881412 0.015
30.498001 -87.881412 0.018
30.498001 -87.881412 0.022
30.498001 -87.881412 0.027
30.498001 -87.881412 0.032
30.498001 -87.881412 0.033
30.498001 -87.881412 0.035
30.498001 -87.881412 0.043
30.498001 -87.881412 0.038
30.498001 -87.881412 0.032
30.498001 -87.881412 0.027
30.498001 -87.881412 0.022
30.498001 -87.881412 0.022
30.498001 -87.881412 0.021
30.498001 -87.881412 0.02
30.498001 -87.881412 0.024
30.498001 -87.881412 0.025
30.498001 -87.881412 0.027
34.758781 -87.650562 0.023
34.758781 -87.650562 0.022
34.758781 -87.650562 0.023
34.758781 -87.650562 0.022
34.758781 -87.650562 0.021
34.758781 -87.650562 0.02
34.758781 -87.650562 0.025
34.758781 -87.650562 0.031
34.758781 -87.650562 0.038
34.758781 -87.650562 0.044
34.758781 -87.650562 0.048
34.758781 -87.650562 0.048
34.758781 -87.650562 0.047
34.758781 -87.650562 0.046
34.758781 -87.650562 0.045
34.758781 -87.650562 0.042
34.758781 -87.650562 0.035
34.758781 -87.650562 0.03
34.758781 -87.650562 0.021
34.758781 -87.650562 0.015
34.758781 -87.650562 0.028
34.758781 -87.650562 0.03
34.758781 -87.650562 0.033
34.758781 -87.650562 0.032
34.758781 -87.650562 0.027
34.758781 -87.650562 0.029
34.758781 -87.650562 0.027
34.758781 -87.650562 0.028
34.758781 -87.650562 0.028
34.758781 -87.650562 0.029
34.758781 -87.650562 0.03
34.758781 -87.650562 0.031
34.758781 -87.650562 0.032
34.758781 -87.650562 0.033
34.758781 -87.650562 0.033
34.758781 -87.650562 0.033
34.758781 -87.650562 0.033
34.758781 -87.650562 0.018
34.758781 -87.650562 0.009
34.758781 -87.650562 0.011
34.758781 -87.650562 0.01
34.758781 -87.650562 0.011
34.758781 -87.650562 0.011
34.758781 -87.650562 0.012
34.758781 -87.650562 0.016
34.758781 -87.650562 0.022
34.758781 -87.650562 0.022
34.758781 -87.650562 0.021
34.758781 -87.650562 0.025
34.758781 -87.650562 0.032
34.758781 -87.650562 0.037
34.758781 -87.650562 0.04
34.758781 -87.650562 0.04
34.758781 -87.650562 0.042
34.758781 -87.650562 0.042
34.758781 -87.650562 0.042
34.758781 -87.650562 0.042
34.758781 -87.650562 0.039
34.758781 -87.650562 0.035
34.758781 -87.650562 0.037
34.758781 -87.650562 0.037
34.758781 -87.650562 0.038
34.758781 -87.650562 0.039
34.758781 -87.650562 0.04
34.758781 -87.650562 0.04
34.758781 -87.650562 0.039
34.758781 -87.650562 0.038
34.758781 -87.650562 0.038
34.758781 -87.650562 0.061
34.758781 -87.650562 0.039
34.758781 -87.650562 0.041
34.758781 -87.650562 0.041
34.758781 -87.650562 0.039
34.758781 -87.650562 0.038
34.758781 -87.650562 0.035
34.758781 -87.650562 0.035
34.758781 -87.650562 0.034
34.758781 -87.650562 0.034
34.758781 -87.650562 0.033
34.758781 -87.650562 0.034
34.758781 -87.650562 0.034
34.758781 -87.650562 0.032
34.758781 -87.650562 0.032
34.758781 -87.650562 0.031
34.758781 -87.650562 0.03
34.758781 -87.650562 0.028
34.758781 -87.650562 0.019
34.758781 -87.650562 0.016
34.758781 -87.650562 0.015
34.758781 -87.650562 0.009
34.758781 -87.650562 0.002
34.758781 -87.650562 0.012
34.758781 -87.650562 0.009
34.758781 -87.650562 0.01
34.758781 -87.650562 0.007
34.758781 -87.650562 0.002
34.758781 -87.650562 0.011
34.758781 -87.650562 0.01
34.758781 -87.650562 0.011
34.758781 -87.650562 0.012
34.758781 -87.650562 0.015
34.758781 -87.650562 0.022
34.758781 -87.650562 0.029
34.758781 -87.650562 0.036
34.758781 -87.650562 0.042
34.758781 -87.650562 0.044
34.758781 -87.650562 0.045
34.758781 -87.650562 0.043
34.758781 -87.650562 0.037
34.758781 -87.650562 0.031
34.758781 -87.650562 0.027
34.758781 -87.650562 0.024
34.758781 -87.650562 0.021
34.758781 -87.650562 0.019
34.758781 -87.650562 0.014
34.758781 -87.650562 0.016
34.758781 -87.650562 0.02
34.758781 -87.650562 0.021
34.758781 -87.650562 0.019
34.758781 -87.650562 0.011
34.758781 -87.650562 0.014
34.758781 -87.650562 0.016
34.758781 -87.650562 0.018
34.758781 -87.650562 0.025
34.758781 -87.650562 0.028
34.758781 -87.650562 0.029
34.758781 -87.650562 0.035
34.758781 -87.650562 0.042
34.758781 -87.650562 0.043
34.758781 -87.650562 0.042
34.758781 -87.650562 0.038
34.758781 -87.650562 0.034
34.758781 -87.650562 0.035
34.758781 -87.650562 0.033
34.758781 -87.650562 0.03
34.758781 -87.650562 0.024
34.758781 -87.650562 0.025
34.758781 -87.650562 0.022
34.758781 -87.650562 0.008
34.758781 -87.650562 0.008
34.758781 -87.650562 0.006
34.758781 -87.650562 0.006
34.758781 -87.650562 0.002
34.758781 -87.650562 0.002
34.758781 -87.650562 0.007
34.758781 -87.650562 0.025
34.758781 -87.650562 0.035
34.758781 -87.650562 0.042
34.758781 -87.650562 0.05
34.758781 -87.650562 0.055
34.758781 -87.650562 0.057
34.758781 -87.650562 0.054
34.758781 -87.650562 0.052
34.758781 -87.650562 0.058
34.758781 -87.650562 0.054
34.758781 -87.650562 0.039
34.758781 -87.650562 0.022
34.758781 -87.650562 0.018
34.758781 -87.650562 0.014
34.758781 -87.650562 0.015
34.758781 -87.650562 0.011
34.758781 -87.650562 0.014
34.758781 -87.650562 0.002
34.758781 -87.650562 0.002
34.758781 -87.650562 0.002
34.758781 -87.650562 0.002
34.758781 -87.650562 0.002
34.758781 -87.650562 0.006
34.758781 -87.650562 0.023
34.758781 -87.650562 0.037
34.758781 -87.650562 0.045
34.758781 -87.650562 0.046
34.758781 -87.650562 0.047
34.758781 -87.650562 0.047
34.758781 -87.650562 0.047
34.758781 -87.650562 0.048
34.758781 -87.650562 0.047
34.758781 -87.650562 0.043
34.758781 -87.650562 0.037
34.758781 -87.650562 0.031
34.758781 -87.650562 0.026
34.758781 -87.650562 0.026
34.758781 -87.650562 0.035
34.758781 -87.650562 0.032
34.758781 -87.650562 0.013
34.758781 -87.650562 0.02
34.758781 -87.650562 0.031
34.758781 -87.650562 0.034
34.758781 -87.650562 0.031
